
0.000000
0.008785
0.017880
0.027291
0.037023
0.047081
0.057469
0.068195
0.079262
0.090678
0.102449
0.114581
0.127081
0.139956
0.153214
0.166861
0.180907
0.195360
0.210228
0.225522
0.241250
0.257423
0.274052
0.291149
0.308724
0.326792
0.345364
0.364455
0.384081
0.404256
0.424996
0.446321
0.468248
0.490796
0.513988
0.537844
0.562389
0.587648
0.613647
0.640416
0.667984
0.696384
0.725652
0.755824
0.786941
0.819046
0.852185
0.886407
0.921767
0.958323
0.996137
1.035276
1.075815
1.117833
1.161418
1.206663
1.253671
1.302557
1.353442
1.406464
1.461771
1.519529
1.579919
1.643143
1.709425
1.779016
1.852194
1.929273
2.010605
2.096587
2.187669
2.284364
2.387256
2.497017
2.614420
2.740363
2.875890
3.022228
3.180823
3.353397
3.542009
3.749152
3.977864
4.231892
4.515906
4.835808
5.199161
5.615823
6.098880
6.666098
7.342207
8.162690
9.180340
10.477283
12.188626
14.553411
18.038335
23.693474
34.478140
63.216038
379.208612
-94.745230
-42.070088
-27.010692
-19.870387
-15.699720
-12.962652
-11.026698
-9.583724
-8.465659
-7.573032
-6.843216
-6.234810
-5.719356
-5.276643
-4.891922
-4.554181
-4.255029
-3.987960
-3.747854
-3.530626
-3.332975
-3.152210
-2.986107
-2.832821
-2.690803
-2.558743
-2.435529
-2.320208
-2.211961
-2.110077
-2.013940
-1.923010
-1.836814
-1.754935
-1.677004
-1.602693
-1.531710
-1.463796
-1.398717
-1.336262
-1.276242
-1.218488
-1.162843
-1.109168
-1.057334
-1.007226
-0.958738
-0.911771
-0.866237
-0.822054
-0.779146
-0.737446
-0.696887
-0.657413
-0.618967
-0.581499
-0.544963
-0.509315
-0.474515
-0.440524
-0.407309
-0.374835
-0.343073
-0.311995
-0.281572
-0.251782
-0.222600
-0.194004
-0.165975
-0.138492
-0.111537
-0.085095
-0.059148
-0.033681
-0.008681
0.015865
0.039972
0.063649
0.086910
0.109763
0.132219
0.154288
0.175979
0.197299
0.218258
0.238862
0.259118
0.279034
0.298616
0.317870
0.336802
0.355417
0.373720
0.391717
0.409411
0.426806
0.443906
0.460711
0.477213
0.493270
0.509701
0.525288
0.540691
0.555841
0.570732
0.585362
0.599734
0.613850
0.627711
0.641321
0.654681
0.667793
0.680660
0.693283
0.705664
0.717806
0.729709
0.741375
0.752806
0.764005
0.774971
0.785707
0.796214
0.806493
0.816546
0.826374
0.835979
0.845361
0.854522
0.863462
0.872184
0.880688
0.888975
0.897047
0.904904
0.912548
0.919979
0.927198
0.934207
0.941006
0.947597
0.953980
0.960156
0.966126
0.971892
0.977454
0.982813
0.987970
0.992926
0.997681
1.002237
1.006595
1.010756
1.014720
1.018489
1.022063
1.025443
1.028631
1.031627
1.034432
1.037047
1.039473
1.041712
1.043763
1.045629
1.047310
1.048807
1.050121
1.051253
1.052205
1.052977
1.053570
1.053986
1.054225
1.054289
1.054179
1.053896
1.053441
1.052815
1.052019
1.051055
1.049924
1.048627
1.047165
1.045540
1.043752
1.041803
1.039695
1.037429
1.035005
1.032426
1.029692
1.026805
1.023767
1.020579
1.017241
1.013757
1.010128
1.006356
1.002455
0.998325
0.994155
0.989821
0.985347
0.980737
0.975992
0.971115
0.966107
0.960969
0.955704
0.950313
0.944798
0.939160
0.933402
0.927524
0.921528
0.915417
0.909191
0.902853
0.896405
0.889848
0.883184
0.876414
0.869541
0.862567
0.855493
0.848321
0.841053
0.833691
0.826236
0.818692
0.811059
0.803339
0.795535
0.787648
0.779680
0.771634
0.763511
0.755314
0.747043
0.738702
0.730293
0.721816
0.713275
0.704672
0.696007
0.687285
0.678506
0.669673
0.660788
0.651852
0.642869
0.633839
0.624766
0.615652
0.606498
0.597306
0.588080
0.578820
0.569530
0.560210
0.550865
0.541495
0.532103
0.522691
0.513261
0.503816
0.494357
0.484887
0.475408
0.465923
0.456433
0.446940
0.437448
0.427958
0.418472
0.408993
0.399522
0.390063
0.380617
0.371187
0.361774
0.352382
0.343012
0.333666
0.324348
0.315058
0.305799
0.296574
0.287385
0.278234
0.269124
0.260056
0.251033
0.242057
0.233132
0.224259
0.215444
0.206692
0.198040
0.188871
0.180631
0.172140
0.163696
0.155316
0.147005
0.138766
0.130602
0.122515
0.114509
0.106584
0.098744
0.090990
0.083325
0.075751
0.068270
0.060885
0.053596
0.046408
0.039321
0.032338
0.025461
0.018693
0.012035
0.005489
-0.000942
-0.007257
-0.013452
-0.019527
-0.025478
-0.031304
-0.037003
-0.042573
-0.048011
-0.053315
-0.058484
-0.063515
-0.068406
-0.073155
-0.077760
-0.082219
-0.086530
-0.090690
-0.094699
-0.098552
-0.102250
-0.105789
-0.109167
-0.112382
-0.115433
-0.118317
-0.121032
-0.123575
-0.125946
-0.128142
-0.130160
-0.131998
-0.133655
-0.135129
-0.136417
-0.137516
-0.138426
-0.139143
-0.139666
-0.139992
-0.140120
-0.140046
-0.139769
-0.139287
-0.138597
-0.137696
-0.136583
-0.135256
-0.133711
-0.131946
-0.129960
-0.127749
-0.125311
-0.122643
-0.119744
-0.116609
-0.113237
-0.109625
-0.105770
-0.101670
-0.097321
-0.092720
-0.087864
-0.082751
-0.077377
-0.071739
-0.065834
-0.059658
-0.053208
-0.046479
-0.039470
-0.032174
-0.024590
-0.016712
0.000000