
0.000000
-0.008686
-0.017484
-0.026400
-0.035439
-0.044605
-0.053904
-0.063341
-0.072921
-0.082652
-0.092538
-0.102586
-0.112802
-0.123193
-0.133767
-0.144530
-0.155490
-0.166655
-0.178034
-0.189636
-0.201468
-0.213542
-0.225867
-0.238454
-0.251313
-0.264457
-0.277897
-0.291647
-0.305719
-0.320130
-0.334892
-0.350023
-0.365540
-0.381460
-0.397802
-0.414586
-0.431834
-0.449568
-0.467812
-0.486592
-0.505935
-0.525871
-0.546430
-0.567645
-0.589553
-0.612192
-0.635602
-0.659828
-0.684916
-0.710919
-0.737892
-0.765893
-0.794988
-0.825246
-0.856744
-0.889565
-0.923798
-0.959543
-0.996908
-1.036010
-1.076980
-1.119961
-1.165113
-1.212610
-1.262648
-1.315443
-1.371238
-1.430304
-1.492948
-1.559512
-1.630387
-1.706017
-1.786909
-1.873642
-1.966886
-2.067417
-2.176139
-2.294112
-2.422585
-2.563047
-2.717277
-2.887428
-3.076124
-3.286602
-3.522894
-3.790097
-4.094742
-4.445340
-4.853190
-5.333628
-5.908007
-6.606958
-7.476058
-8.586205
-10.054033
-12.085901
-15.084694
-19.956909
-29.257218
-54.055886
-326.831564
82.326304
36.863571
23.873255
17.719258
14.128883
11.776121
10.114966
8.879417
7.924382
7.163988
6.544169
6.029187
5.594470
5.222570
4.900753
4.619510
4.371596
4.151395
3.954483
3.777332
3.617092
3.471436
3.338445
3.216523
3.104330
3.000736
2.904778
2.815631
2.732587
2.655030
2.582427
2.514310
2.450269
2.389942
2.333008
2.279184
2.228215
2.179876
2.133962
2.090291
2.048698
2.009034
1.971163
1.934963
1.900321
1.867136
1.835313
1.804768
1.775422
1.747202
1.720042
1.693881
1.668661
1.644330
1.620839
1.598143
1.576200
1.554971
1.534419
1.514510
1.495212
1.476496
1.458333
1.440698
1.423566
1.406914
1.390720
1.374964
1.359626
1.344689
1.330136
1.315950
1.302115
1.288619
1.275446
1.262585
1.250022
1.237747
1.225747
1.214013
1.202535
1.191302
1.180307
1.169540
1.158993
1.148659
1.138530
1.128598
1.118858
1.109302
1.099925
1.090720
1.081682
1.072806
1.064088
1.055522
1.047107
1.038844
1.030750
1.023070
1.014395
1.006827
0.999229
0.991722
0.984321
0.977025
0.969834
0.962745
0.955755
0.948863
0.942066
0.935360
0.928743
0.922213
0.915768
0.909404
0.903121
0.896914
0.890783
0.884726
0.878739
0.872822
0.866973
0.861188
0.855468
0.849810
0.844211
0.838672
0.833190
0.827763
0.822391
0.817071
0.811802
0.806583
0.801412
0.796289
0.791211
0.786178
0.781188
0.776240
0.771334
0.766467
0.761639
0.756848
0.752094
0.747376
0.742692
0.738042
0.733424
0.728837
0.724282
0.719756
0.715259
0.710789
0.706347
0.701931
0.697540
0.693174
0.688831
0.684511
0.680214
0.675937
0.671681
0.667444
0.663227
0.659027
0.654845
0.650680
0.646531
0.642396
0.638277
0.634171
0.630078
0.625997
0.621928
0.617869
0.613821
0.609783
0.605753
0.601731
0.597716
0.593708
0.589706
0.585709
0.581717
0.577728
0.573742
0.569758
0.565776
0.561795
0.557813
0.553830
0.549846
0.545858
0.541867
0.537871
0.533868
0.529855
0.525823
0.521706
0.518082
0.513876
0.509804
0.505737
0.501663
0.497579
0.493482
0.489371
0.485244
0.481100
0.476938
0.472756
0.468554
0.464329
0.460081
0.455808
0.451509
0.447182
0.442826
0.438439
0.434019
0.429565
0.425075
0.420547
0.415979
0.411369
0.406714
0.402014
0.397264
0.392463
0.387608
0.382696
0.377725
0.372691
0.367591
0.362421
0.357179
0.351859
0.346459
0.340973
0.335397
0.329726
0.323956
0.318079
0.312091
0.305985
0.299753
0.293390
0.286886
0.280234
0.273423
0.266445
0.259288
0.251940
0.244390
0.236623
0.228624
0.220378
0.211865
0.203067
0.193961
0.184524
0.174730
0.164550
0.153950
0.142895
0.131345
0.119254
0.106572
0.093240
0.079194
0.064360
0.048652
0.031973
0.014211
-0.004765
-0.025108
-0.046997
-0.070645
-0.096304
-0.124278
-0.154937
-0.188732
-0.226222
-0.268107
-0.315277
-0.368880
-0.430422
-0.501919
-0.586136
-0.686963
-0.810059
-0.963989
-1.162349
-1.428118
-1.803420
-2.374720
-3.352009
-5.411920
-12.614302
52.173439
8.977640
5.047820
3.572241
2.797869
2.320155
1.995548
1.760248
1.581577
1.441063
1.327480
1.233609
1.154600
1.087071
1.028593
0.977375
0.932071
0.891645
0.855290
0.822367
0.792364
0.764863
0.739524
0.716064
0.694248
0.673877
0.654783
0.636822
0.619871
0.603824
0.588587
0.574081
0.560235
0.546986
0.534279
0.522065
0.510302
0.498949
0.487973
0.477340
0.467024
0.456999
0.447240
0.437728
0.428442
0.419364
0.410479
0.401772
0.393228
0.384834
0.376580
0.368454
0.360445
0.352544
0.344743
0.337032
0.329405
0.321853
0.314370
0.306949
0.299583
0.292268
0.284996
0.277764
0.270565
0.263395
0.256249
0.249122
0.242011
0.234910
0.227816
0.220724
0.213632
0.206534
0.199427
0.192308
0.185173
0.178018
0.170841
0.163636
0.156402
0.149134
0.141829
0.134485
0.127096
0.119661
0.112175
0.104635
0.097037
0.089379
0.081657
0.073866
0.066003
0.058066
0.050049
0.041948
0.033761
0.025483
0.017110
0.000000