
-1.255293
-0.662827
-0.757562
-0.566220
0.433780
0.851200
1.204753
2.460046
3.326072
3.788012
5.107491
6.290277
6.790277
7.973064
9.292543
9.754483
10.620508
11.875801
12.229355
12.646775
13.646775
13.838116
13.743382
14.335848
14.335848
13.743382
13.838116
13.646775
12.646775
12.229355
11.875801
10.620508
9.754483
9.292543
7.973064
6.790277
6.290277
5.107491
3.788012
3.326072
2.460046
1.204753
0.851200
0.433780
-0.566220
-0.757562
-0.662827
-1.255293
-1.255293
-0.662827
-0.757562
-0.566220
0.433780
0.851200
1.204753
2.460046
3.326072
3.788012
5.107491
6.290277
6.790277
7.973064
9.292543
9.754483
10.620508
11.875801
12.229355
12.646775
13.646775
13.838116
13.743382
14.335848
14.335848
13.743382
13.838116
13.646775
12.646775
12.229355
11.875801
10.620508
9.754483
9.292543
7.973064
6.790277
6.290277
5.107491
3.788012
3.326072
2.460046
1.204753
0.851200
0.433780
-0.566220
-0.757562
-0.662827
-1.255293
-1.255293
-0.662827
-0.757562
-0.566220
0.433780
0.851200
1.204753
2.460046
3.326072
3.788012
5.107491
6.290277
6.790277
7.973064
9.292543
9.754483
10.620508
11.875801
12.229355
12.646775
13.646775
13.838116
13.743382
14.335848
14.335848
13.743382
13.838116
13.646775
12.646775
12.229355
11.875801
10.620508
9.754483
9.292543
7.973064
6.790277
6.290277
5.107491
3.788012
3.326072
2.460046
1.204753
0.851200
0.433780
-0.566220
-0.757562
-0.662827
-1.255293
-1.255293
-0.662827
-0.757562
-0.566220
0.433780
0.851200
1.204753
2.460046
3.326072
3.788012
5.107491
6.290277
6.790277
7.973064
9.292543
9.754483
10.620508
11.875801
12.229355
12.646775
13.646775
13.838116
13.743382
14.335848
14.335848
13.743382
13.838116
13.646775
12.646775
12.229355
11.875801
10.620508
9.754483
9.292543
7.973064
6.790277
6.290277
5.107491
3.788012
3.326072
2.460046
1.204753
0.851200
0.433780
-0.566220
-0.757562
-0.662827
-1.255293
-1.255293
-0.662827
-0.757562
-0.566220
0.433780
0.851200
1.204753
2.460046
3.326072
3.788012
5.107491
6.290277
6.790277
7.973064
9.292543
9.754483
10.620508
11.875801
12.229355
12.646775
13.646775
13.838116
13.743382
14.335848
14.335848
13.743382
13.838116
13.646775
12.646775
12.229355
11.875801
10.620508
9.754483
9.292543
7.973064
6.790277
6.290277
5.107491
3.788012
3.326072
2.460046
1.204753
0.851200
0.433780
-0.566220
-0.757562
-0.662827
-1.255293
-1.255293
-0.662827
-0.757562
-0.566220
0.433780
0.851200
1.204753
2.460046
3.326072
3.788012
5.107491
6.290277
6.790277
7.973064
9.292543
9.754483
10.620508
11.875801
12.229355
12.646775
13.646775
13.838116
13.743382
14.335848
14.335848
13.743382
13.838116
13.646775
12.646775
12.229355
11.875801
10.620508
9.754483
9.292543
7.973064
6.790277
6.290277
5.107491
3.788012
3.326072
2.460046
1.204753
0.851200
0.433780
-0.566220
-0.757562
-0.662827
-1.255293
-1.255293
-0.662827
-0.757562
-0.566220
0.433780
0.851200
1.204753
2.460046
3.326072
3.788012
5.107491
6.290277
6.790277
7.973064
9.292543
9.754483
10.620508
11.875801
12.229355
12.646775
13.646775
13.838116
13.743382
14.335848
14.335848
13.743382
13.838116
13.646775
12.646775
12.229355
11.875801
10.620508