
0.049291,
0.000000,
0.000000,
0.000000,
0.000000,
0.016942,
0.000000,
0.000000,
0.000000,
0.000000,
0.031362,
0.000000,
0.000000,
0.000000,
0.000000,
0.024161,
0.000000,
0.000000,
0.000000,
0.000000,
0.038201,
0.000000,
0.000000,
0.000000,
0.000000,
0.051322,
0.000000,
0.000000,
0.000000,
0.000000,
0.041280,
0.000000,
0.000000,
0.000000,
0.000000,
0.036579,
0.000000,
0.000000,
0.000000,
0.000000,
0.050197,
0.000000,
0.000000,
0.000000,
0.000000,
0.052771,
0.000000,
0.000000,
0.000000,
0.000000,
0.042224,
0.000000,
0.000000,
0.000000,
0.000000,
0.036934,
0.000000,
0.000000,
0.000000,
0.000000,
0.033286,
0.000000,
0.000000,
0.000000,
0.000000,
0.025722,
0.000000,
0.000000,
0.000000,
0.000000,
0.017464,
0.000000,
0.000000,
0.000000,
0.000000,
0.010396,
0.000000,
0.000000,
0.000000,
0.000000,
0.004835,
0.000000,
0.000000,
0.000000,
0.000000,
0.002310,
0.000000,
0.000000,
0.000000,
0.000000,
0.005176,
0.000000,
0.000000,
0.000000,
0.000000,
0.007835,
0.000000,
0.000000,
0.000000,
0.000000,
0.007516,
0.000000,
0.000000,
0.000000,
0.000000,
0.005650,
0.000000,
0.000000,
0.000000,
0.000000,
0.005667,
0.000000,
0.000000,
0.000000,
0.000000,
0.004792,
0.000000,
0.000000,
0.000000,
0.000000,
0.004229,
0.000000,
0.000000,
0.000000,
0.000000,
0.006056,
0.000000,
0.000000,
0.000000,
0.000000,
0.006866,
0.000000,
0.000000,
0.000000,
0.000000,
0.007149,
0.000000,
0.000000,
0.000000,
0.000000,
0.007318,
0.000000,
0.000000,
0.000000,
0.000000,
0.006504,
0.000000,
0.000000,
0.000000,
0.000000,
0.005488,
0.000000,
0.000000,
0.000000,
0.000000,
0.004086,
0.000000,
0.000000,
0.000000,
0.000000,
0.002253,
0.000000,
0.000000,
0.000000,
0.000000,
0.001625,
0.000000,
0.000000,
0.000000,
0.000000,
0.001076,
0.000000,
0.000000,
0.000000,
0.000000,
0.001422,
0.000000,
0.000000,
0.000000,
0.000000,
0.001685,
0.000000,
0.000000,
0.000000,
0.000000,
0.001178,
0.000000,
0.000000,
0.000000,
0.000000,
0.001528,
0.000000,
0.000000,
0.000000,
0.000000,
0.001888,
0.000000,
0.000000,
0.000000,
0.000000,
0.001549,
0.000000,
0.000000,
0.000000,
0.000000,
0.001203,
0.000000,
0.000000,
0.000000,
0.000000,
0.001230,
0.000000,
0.000000,
0.000000,
0.000000,
0.001227,
0.000000,
0.000000,
0.000000,
0.000000,
0.001126,
0.000000,
0.000000,
0.000000,
0.000000,
0.001278,
0.000000,
0.000000,
0.000000,
0.000000,
0.001629,
0.000000,
0.000000,
0.000000,
0.000000,
0.001815,
0.000000,
0.000000,
0.000000,
0.000000,
0.001921,
0.000000,
0.000000,
0.000000,
0.000000,
0.002029,
0.000000,
0.000000,
0.000000,
0.000000,
0.002472,
0.000000,
0.000000,
0.000000,
0.000000,
0.002541,
0.000000,
0.000000,
0.000000,
0.000000,
0.002100,
0.000000,
0.000000,
0.000000,
0.000000,
0.001675,
0.000000,
0.000000,
0.000000,
0.000000,
0.001157,
0.000000,
0.000000,
0.000000,
0.000000,
0.000611,
0.000000,
0.000000,
0.000000,
0.000000,
0.000379,
0.000000,
0.000000,
0.000000,
0.000000,
0.001196,
0.000000,
0.000000,
0.000000,
0.000000,
0.001724,
0.000000,
0.000000,
0.000000,
0.000000,
0.002143,
0.000000,
0.000000,
0.000000,
0.000000,
0.002585,
0.000000,
0.000000,
0.000000,
0.000000,
0.002488,
0.000000,
0.000000,
0.000000,
0.000000,
0.001900,
0.000000,
0.000000,
0.000000,
0.000000,
0.001802,
0.000000,
0.000000,
0.000000,
0.000000,