
2.947360
2.973119
2.947360
2.871419
2.746804
2.574593
2.358330
2.102313
1.809867
1.486207
1.137763
0.769605
0.387822
0.000000
-0.387822
-0.769605
-1.137763
-1.486207
-1.809867
-2.102313
-2.358330
-2.574593
-2.746804
-2.871419
-2.947360
-2.973119
-2.947360
-2.871419
-2.746804
-2.574593
-2.358330
-2.102313
-1.809867
-1.486207
-1.137763
-0.769605
-0.387822
-0.000000
0.387822
0.769605
1.137763
1.486207
1.809867
2.102313
2.358330
2.574593
2.746804
2.871419
2.947360
2.973119
2.947360
2.871419
2.746804
2.574593
2.358330
2.102313
1.809867
1.486207
1.137763
0.769605
0.387822
0.000000
-0.387822
-0.769605
-1.137763
-1.486207
-1.809867
-2.102313
-2.358330
-2.574593
-2.746804
-2.871419
-2.947360
-2.973119
-2.947360
-2.871419
-2.746804
-2.574593
-2.358330
-2.102313
-1.809867
-1.486207
-1.137763
-0.769605
-0.387822
-0.000000
0.387822
0.769605
1.137763
1.486207
1.809867
2.102313
2.358330
2.574593
2.746804
2.871419
2.947360
2.973119
2.947360
2.871419
2.746804
2.574593
2.358330
2.102313
1.809867
1.486207
1.137763
0.769605
0.387822
0.000000
-0.387822
-0.769605
-1.137763
-1.486207
-1.809867
-2.102313
-2.358330
-2.574593
-2.746804
-2.871419
-2.947360
-2.973119
-2.947360
-2.871419
-2.746804
-2.574593
-2.358330
-2.102313
-1.809867
-1.486207
-1.137763
-0.769605
-0.387822
-0.000000
0.387822
0.769605
1.137763
1.486207
1.809867
2.102313
2.358330
2.574593
2.746804
2.871419
2.947360
2.973119
2.947360
2.871419
2.746804
2.574593
2.358330
2.102313
1.809867
1.486207
1.137763
0.769605
0.387822
0.000000
-0.387822
-0.769605
-1.137763
-1.486207
-1.809867
-2.102313
-2.358330
-2.574593
-2.746804
-2.871419
-2.947360
-2.973119
-2.947360
-2.871419
-2.746804
-2.574593
-2.358330
-2.102313
-1.809867
-1.486207
-1.137763
-0.769605
-0.387822
-0.000000
0.387822
0.769605
1.137763
1.486207
1.809867
2.102313
2.358330
2.574593
2.746804
2.871419
2.947360
2.973119
2.947360
2.871419
2.746804
2.574593
2.358330
2.102313
1.809867
1.486207
1.137763
0.769605
0.387822
0.000000
-0.387822
-0.769605
-1.137763
-1.486207
-1.809867
-2.102313
-2.358330
-2.574593
-2.746804
-2.871419
-2.947360
-2.973119
-2.947360
-2.871419
-2.746804
-2.574593
-2.358330
-2.102313
-1.809867
-1.486207
-1.137763
-0.769605
-0.387822
-0.000000
0.387822
0.769605
1.137763
1.486207
1.809867
2.102313
2.358330
2.574593
2.746804
2.871419
2.947360
2.973119
2.947360
2.871419
2.746804
2.574593
2.358330
2.102313
1.809867
1.486207
1.137763
0.769605
0.387822
0.000000
-0.387822
-0.769605
-1.137763
-1.486207
-1.809867
-2.102313
-2.358330
-2.574593
-2.746804
-2.871419
-2.947360
-2.973119
-2.947360
-2.871419
-2.746804
-2.574593
-2.358330
-2.102313
-1.809867
-1.486207
-1.137763
-0.769605
-0.387822
-0.000000
0.387822
0.769605
1.137763
1.486207
1.809867
2.102313
2.358330
2.574593
2.746804
2.871419
2.947360
2.973119
2.947360
2.871419
2.746804
2.574593
2.358330
2.102313
1.809867
1.486207
1.137763