
0.985793
1.159774
1.032668
1.051711
1.020085
1.078236
1.018078
1.495666
0.792534
0.670254
0.797155
0.805573
0.922892
0.970041
0.961139
1.096264
1.069222
1.133590
1.316224
1.217495
-1.228199
-1.414153
-0.839611
-1.326428
-0.988129
-0.993691
-0.603947
-1.012308
-1.090216
-0.958066
-0.956289
-0.987544
-1.108223
-1.217411
-0.943717
-1.238800
-1.183551
-0.763273
-1.074493
-1.024953
1.160014
0.946632
1.183050
0.938638
1.180104
1.111913
0.962120
0.846055
0.814506
0.951974
0.922086
0.927326
1.174902
0.947061
1.203378
0.905463
1.172949
0.907129
1.031400
1.172624
-1.073616
-1.077937
-0.643741
-0.830887
-1.076822
-0.884600
-1.064032
-0.874474
-0.748222
-1.285328
-0.817041
-0.740733
-0.991558
-0.689467
-0.972368
-1.219994
-1.390065
-1.059289
-0.873112
-0.943556
1.073551
0.897378
1.025608
0.708599
0.864835
0.854396
1.092422
0.997482
0.794515
0.998306
0.877332
0.881442
1.153670
1.020169
1.070840
1.157195
1.032055
1.097957
1.121450
-0.791833