
1.030480
1.011616
0.976196
0.965218
0.957051
0.951157
0.952960
0.958074
0.921866
0.974235
1.028959
0.826424
0.604451
0.428201
0.198554
0.003627
-0.205368
-0.372685
-0.587275
-0.827919
-1.045475
-1.018284
-0.975623
-1.002484
-0.991582
-0.987141
-1.011652
-1.069613
-1.044709
-1.043137
-1.049825
-0.838195
-0.644778
-0.415650
-0.200045
0.012337
0.247408
0.461975
0.622908
0.811808
1.009501
0.985708
0.983777
0.982962
0.983805
0.986132
0.965487
0.986570
0.992678
1.014367
1.036432
0.836862
0.636335
0.454471
0.276676
0.048656
-0.130350
-0.354048
-0.532208
-0.710171
-0.955966
-0.930308
-0.896588
-0.931370
-0.917228
-0.906782
-0.940322
-0.972925
-0.991406
-1.003895
-0.969718
-0.780659
-0.616848
-0.415131
-0.275325
-0.091604
0.115835
0.364083
0.569760
0.736523
0.930709
0.911087
0.909494
0.922300
0.953457
0.974057
1.004337
0.998301
1.008348
1.041042